Flippable
186
377
411
434
456
1383
4871


Not flippable
197


186, 197, 377, 411, 434, 456, 650, 658, 835, 846, 887, 981, 1004, 1147, 1267, 1277, 1289, 1293, 1306, 1528, 1798, 1848, 1904, 1989, 2120, 2144, 2175, 2255, 2629, 2704, 2984, 3016, 3229, 3272, 3285, 3389, 3424, 3720, 3772, 3842, 3917, 3938, 3963, 4025, 4066, 4178, 4192, 4207, 4211, 4238, 4265, 4272, 4304, 4341, 4436, 4461, 4487, 4672, 4704, 4749, 4862, 4871, 4874, 4921, 4973, 4995, 5023

4, 5, 6, 8, 12, 15, 18, 20, 21, 23, 25, 26, 31, 34, 36, 38, 39, 41, 42, 43, 44, 47, 48, 53, 62, 68, 70, 72, 73, 75, 76, 79, 80, 81, 86, 87, 89, 90, 93, 104, 111, 113, 114, 115, 116, 117, 122, 127, 128, 129, 130, 131, 137, 139, 140, 141, 148, 152, 155, 159, 163, 168, 175, 181, 185, 186, 189, 192, 196, 202, 203, 204, 205, 212, 215, 220, 222, 223, 226, 228, 231, 233, 236, 238, 239, 240, 244, 249, 251, 253, 254, 262, 263, 264, 267, 269, 272, 273, 276, 279, 284, 287, 289, 291, 292, 296, 297, 298, 304, 307, 308, 310, 311, 312, 316, 318, 323, 330, 331, 336, 337, 338, 339, 341, 344, 348, 357, 358, 364, 365, 368, 369, 376, 377, 379, 383, 389, 390, 392, 393, 397, 399, 400, 401, 402, 404, 405, 406, 411, 414, 415, 417, 418, 419, 420, 421, 427, 428, 431, 432, 433, 434, 441, 444, 453, 456, 459, 463, 464, 466, 468, 470, 472, 473, 474, 475, 476, 477, 479, 483, 484, 487, 488, 491, 492, 493, 495, 497, 499, 500, 502, 503, 509, 510, 513, 515, 517, 518, 520, 525, 527, 530, 531, 536, 538, 543, 548, 550, 558, 560, 564, 566, 575, 576, 579, 589, 590, 592, 593, 595, 597, 599, 601, 604, 605, 606, 611, 612, 614, 615, 623, 626, 637, 641, 642, 650, 658, 664, 667, 669, 672, 679, 680, 684, 686, 688, 690, 695, 698, 699, 700, 703, 706, 708, 710, 712, 713, 714, 715, 722, 725, 727, 737, 739, 741, 743, 744, 749, 751, 756, 757, 767, 768, 769, 771, 772, 778, 779, 780, 781, 787, 789, 790, 792, 794, 798, 799, 800, 801, 802, 808, 815, 818, 821, 824, 825, 826, 828, 829, 831, 833, 835, 836, 844, 846, 847, 848, 851, 852, 853, 855, 856, 860, 861, 862, 864, 872, 875, 876, 879, 887, 890, 891, 892, 893, 894, 898, 900, 901, 906, 907, 908, 910, 911, 913, 916, 922, 925, 926, 927, 928, 929, 932, 937, 938, 939, 940, 941, 942, 946, 947, 948, 949, 950, 951, 955, 956, 958, 964, 967, 969, 970, 971, 972, 973, 974, 981, 985, 986, 991, 992, 994, 995, 1002, 1004, 1010, 1011, 1012, 1015, 1016, 1019, 1022, 1023, 1026, 1028, 1030, 1031, 1032, 1035, 1037, 1045, 1048, 1049, 1051, 1052, 1054, 1056, 1061, 1065, 1066, 1072, 1076, 1080, 1081, 1082, 1087, 1088, 1097, 1104, 1105, 1107, 1108, 1112, 1115, 1116, 1119, 1121, 1122, 1125, 1126, 1129, 1130, 1132, 1135, 1137, 1139, 1144, 1145, 1146, 1150, 1152, 1156, 1159, 1163, 1165, 1167, 1168, 1170, 1176, 1178, 1179, 1182, 1183, 1188, 1189, 1195, 1197, 1199, 1200, 1205, 1206, 1215, 1217, 1221, 1224, 1228, 1235, 1236, 1237, 1238, 1245, 1256, 1261, 1267, 1268, 1269, 1270, 1273, 1277, 1279, 1280, 1281, 1283, 1289, 1291, 1292, 1293, 1294, 1303, 1304, 1306, 1309, 1310, 1312, 1313, 1319, 1325, 1328, 1332, 1336, 1339, 1344, 1345, 1346, 1347, 1356, 1358, 1361, 1362, 1366, 1368, 1370, 1371, 1372, 1373, 1375, 1379, 1380, 1381, 1382, 1383, 1385, 1388, 1394, 1395, 1396, 1397, 1400, 1401, 1402, 1406, 1409, 1411, 1413, 1414, 1423, 1425, 1435, 1442, 1445, 1446, 1447, 1450, 1452, 1456, 1458, 1460, 1461, 1464, 1465, 1466, 1467, 1470, 1472, 1473, 1474, 1475, 1476, 1478, 1482, 1485, 1495, 1496, 1501, 1503, 1504, 1505, 1507, 1508, 1511, 1513, 1522, 1523, 1525, 1527, 1528, 1529, 1531, 1533, 1534, 1535, 1537, 1539, 1542, 1543, 1549, 1550, 1552, 1553, 1554, 1557, 1564, 1565, 1568, 1569, 1575, 1576, 1583, 1584, 1588, 1591, 1594, 1596, 1597, 1599, 1600, 1601, 1602, 1607, 1612, 1619, 1621, 1626, 1629, 1636, 1641, 1643, 1646, 1647, 1651, 1652, 1657, 1658, 1667, 1668, 1669, 1671, 1672, 1673, 1677, 1681, 1684, 1686, 1695, 1700, 1706, 1708, 1711, 1712, 1714, 1718, 1727, 1733, 1741, 1742, 1746, 1748, 1749, 1751, 1752, 1754, 1757, 1760, 1769, 1771, 1772, 1774, 1778, 1779, 1783, 1785, 1788, 1789, 1795, 1796, 1798, 1799, 1800, 1803, 1807, 1814, 1815, 1818, 1821, 1823, 1830, 1835, 1838, 1840, 1848, 1849, 1850, 1851, 1854, 1855, 1857, 1859, 1862, 1867, 1870, 1871, 1876, 1878, 1883, 1888, 1891, 1893, 1894, 1895, 1896, 1902, 1904, 1906, 1907, 1909, 1910, 1912, 1913, 1915, 1916, 1917, 1922, 1923, 1926, 1928, 1929, 1932, 1938, 1940, 1942, 1944, 1948, 1953, 1964, 1966, 1967, 1968, 1971, 1973, 1974, 1975, 1978, 1980, 1981, 1983, 1984, 1985, 1989, 1990, 2001, 2006, 2009, 2011, 2012, 2016, 2022, 2024, 2025, 2026, 2028, 2029, 2030, 2031, 2034, 2036, 2037, 2040, 2041, 2043, 2046, 2047, 2050, 2053, 2055, 2058, 2060, 2061, 2062, 2063, 2064, 2066, 2067, 2068, 2070, 2071, 2074, 2080, 2082, 2083, 2088, 2091, 2092, 2093, 2097, 2099, 2101, 2102, 2104, 2106, 2107, 2108, 2109, 2118, 2120, 2121, 2125, 2126, 2130, 2134, 2135, 2136, 2138, 2144, 2150, 2153, 2154, 2156, 2160, 2161, 2164, 2170, 2171, 2172, 2175, 2177, 2178, 2183, 2185, 2186, 2193, 2196, 2197, 2198, 2200, 2202, 2206, 2207, 2209, 2213, 2217, 2218, 2221, 2223, 2225, 2226, 2227, 2233, 2234, 2237, 2239, 2241, 2242, 2244, 2246, 2247, 2255, 2258, 2259, 2261, 2265, 2267, 2272, 2273, 2275, 2278, 2282, 2284, 2288, 2291, 2297, 2298, 2302, 2304, 2309, 2311, 2315, 2318, 2319, 2321, 2323, 2324, 2327, 2329, 2334, 2336, 2337, 2338, 2339, 2347, 2350, 2351, 2362, 2363, 2364, 2375, 2378, 2383, 2384, 2386, 2389, 2392, 2395, 2399, 2401, 2402, 2405, 2411, 2415, 2416, 2417, 2419, 2420, 2421, 2422, 2424, 2426, 2433, 2440, 2445, 2446, 2448, 2449, 2450, 2455, 2457, 2459, 2463, 2466, 2467, 2468, 2473, 2480, 2482, 2486, 2488, 2493, 2497, 2499, 2500, 2502, 2504, 2511, 2515, 2516, 2520, 2523, 2525, 2526, 2528, 2538, 2539, 2543, 2544, 2548, 2550, 2551, 2552, 2555, 2558, 2563, 2567, 2569, 2573, 2576, 2578, 2582, 2586, 2589, 2590, 2592, 2593, 2594, 2595, 2596, 2597, 2604, 2607, 2610, 2611, 2612, 2614, 2616, 2622, 2626, 2630, 2631, 2634, 2638, 2650, 2654, 2656, 2658, 2662, 2663, 2664, 2668, 2669, 2671, 2673, 2676, 2678, 2682, 2683, 2684, 2691, 2692, 2694, 2695, 2698, 2699, 2702, 2703, 2704, 2707, 2715, 2716, 2720, 2722, 2723, 2724, 2725, 2726, 2727, 2732, 2736, 2739, 2748, 2751, 2762, 2764, 2766, 2769, 2772, 2774, 2775, 2777, 2779, 2782, 2783, 2788, 2790, 2791, 2799, 2802, 2803, 2806, 2808, 2809, 2810, 2812, 2813, 2817, 2819, 2821, 2824, 2826, 2827, 2828, 2829, 2830, 2833, 2835, 2843, 2847, 2853, 2859, 2861, 2862, 2863, 2864, 2866, 2869, 2870, 2876, 2877, 2882, 2886, 2890, 2892, 2897, 2902, 2905, 2908, 2913, 2920, 2924, 2925, 2926, 2930, 2933, 2948, 2953, 2955, 2962, 2964, 2965, 2968, 2969, 2970, 2971, 2972, 2975, 2978, 2981, 2982, 2984, 2985, 2986, 2989, 2990, 2994, 2996, 3001, 3002, 3007, 3011, 3013, 3016, 3018, 3019, 3021, 3025, 3030, 3033, 3035, 3039, 3051, 3053, 3055, 3057, 3064, 3070, 3071, 3072, 3074, 3079, 3082, 3084, 3085, 3087, 3093, 3097, 3100, 3101, 3104, 3106, 3115, 3116, 3118, 3124, 3131, 3135, 3139, 3141, 3145, 3146, 3148, 3155, 3156, 3164, 3169, 3171, 3173, 3174, 3178, 3179, 3184, 3186, 3187, 3191, 3196, 3199, 3200, 3206, 3209, 3210, 3211, 3215, 3216, 3219, 3220, 3225, 3229, 3231, 3234, 3235, 3241, 3242, 3248, 3250, 3251, 3252, 3256, 3264, 3266, 3267, 3270, 3272, 3276, 3280, 3285, 3288, 3289, 3290, 3293, 3294, 3298, 3300, 3303, 3305, 3306, 3313, 3315, 3316, 3317, 3320, 3326, 3328, 3336, 3338, 3339, 3343, 3344, 3348, 3350, 3352, 3354, 3364, 3368, 3371, 3375, 3377, 3380, 3381, 3384, 3389, 3398, 3399, 3401, 3403, 3408, 3414, 3418, 3438, 3440, 3441, 3448, 3450, 3452, 3453, 3456, 3457, 3460, 3461, 3463, 3467, 3468, 3470, 3472, 3474, 3477, 3478, 3481, 3483, 3488, 3490, 3491, 3496, 3497, 3498, 3500, 3501, 3504, 3506, 3516, 3518, 3519, 3520, 3524, 3525, 3527, 3530, 3533, 3534, 3536, 3539, 3542, 3545, 3548, 3549, 3554, 3555, 3556, 3558, 3559, 3561, 3566, 3567, 3568, 3570, 3574, 3578, 3580, 3581, 3582, 3585, 3588, 3591, 3594, 3599, 3600, 3603, 3606, 3607, 3610, 3613, 3614, 3619, 3623, 3627, 3636, 3637, 3639, 3642, 3648, 3654, 3655, 3656, 3660, 3661, 3662, 3663, 3665, 3672, 3682, 3687, 3688, 3691, 3695, 3700, 3701, 3703, 3707, 3709, 3717, 3719, 3720, 3722, 3725, 3727, 3728, 3730, 3732, 3737, 3739, 3741, 3742, 3748, 3750, 3751, 3754, 3757, 3758, 3760, 3762, 3764, 3766, 3767, 3768, 3772, 3773, 3775, 3779, 3784, 3785, 3787, 3791, 3792, 3794, 3799, 3803, 3804, 3805, 3816, 3821, 3826, 3827, 3832, 3836, 3838, 3841, 3842, 3844, 3845, 3847, 3854, 3857, 3861, 3867, 3877, 3883, 3884, 3894, 3902, 3906, 3908, 3909, 3911, 3912, 3915, 3917, 3919, 3926, 3927, 3928, 3930, 3934, 3938, 3939, 3944, 3945, 3946, 3952, 3953, 3954, 3959, 3963, 3967, 3968, 3977, 3990, 3995, 4005, 4009, 4015, 4018, 4019, 4023, 4025, 4027, 4033, 4034, 4040, 4042, 4044, 4049, 4050, 4053, 4054, 4057, 4063, 4066, 4068, 4069, 4070, 4075, 4076, 4077, 4078, 4081, 4092, 4094, 4095, 4096, 4109, 4110, 4113, 4116, 4119, 4120, 4121, 4122, 4124, 4126, 4127, 4129, 4138, 4139, 4142, 4145, 4146, 4147, 4148, 4150, 4155, 4161, 4164, 4166, 4171, 4172, 4174, 4179, 4182, 4191, 4196, 4200, 4202, 4204, 4205, 4207, 4209, 4210, 4211, 4212, 4214, 4220, 4221, 4223, 4226, 4228, 4229, 4230, 4232, 4233, 4238, 4241, 4243, 4245, 4246, 4251, 4255, 4256, 4259, 4260, 4263, 4265, 4271, 4272, 4274, 4277, 4279, 4285, 4290, 4291, 4295, 4296, 4298, 4302, 4304, 4306, 4311, 4313, 4317, 4318, 4324, 4329, 4331, 4333, 4345, 4346, 4348, 4352, 4356, 4360, 4363, 4368, 4372, 4374, 4375, 4380, 4381, 4384, 4388, 4390, 4393, 4400, 4404, 4405, 4406, 4407, 4417, 4419, 4420, 4428, 4430, 4431, 4441, 4446, 4448, 4449, 4452, 4455, 4456, 4458, 4461, 4463, 4465, 4466, 4469, 4471, 4475, 4479, 4482, 4484, 4487, 4490, 4491, 4499, 4500, 4502, 4504, 4505, 4506, 4508, 4516, 4519, 4522, 4523, 4529, 4534, 4538, 4539, 4540, 4541, 4545, 4547, 4556, 4557, 4563, 4564, 4567, 4568, 4570, 4571, 4574, 4577, 4583, 4592, 4599, 4600, 4602, 4603, 4604, 4605, 4606, 4607, 4610, 4613, 4616, 4628, 4630, 4634, 4635, 4637, 4651, 4657, 4659, 4661, 4664, 4665, 4666, 4669, 4670, 4671, 4672, 4674, 4679, 4684, 4685, 4694, 4695, 4696, 4697, 4701, 4703, 4704, 4705, 4707, 4710, 4722, 4734, 4736, 4738, 4740, 4743, 4748, 4749, 4753, 4756, 4757, 4760, 4763, 4768, 4773, 4777, 4782, 4783, 4790, 4798, 4800, 4803, 4806, 4807, 4808, 4813, 4815, 4817, 4822, 4832, 4834, 4835, 4841, 4842, 4854, 4856, 4859, 4860, 4862, 4863, 4866, 4867, 4871, 4872, 4873, 4874, 4875, 4876, 4879, 4881, 4887, 4888, 4891, 4894, 4895, 4900, 4901, 4903, 4905, 4908, 4912, 4914, 4915, 4917, 4918, 4920, 4921, 4922, 4926, 4927, 4928, 4932, 4939, 4942, 4944, 4947, 4953, 4961, 4962, 4963, 4964, 4966, 4968, 4973, 4980, 4982, 4983, 4984, 4987, 4990, 4992, 4993, 4994, 4995, 4998, 4999, 5003, 5004, 5006, 5010, 5012, 5013, 5018, 5020, 5021, 5022, 5023, 5025, 5026, 5029, 5030, 5032, 5034, 5037, 5041, 5043, 5045, 5046, 5048, 5051, 5057, 5059, 5063, 5066, 5070, 5076, 5078, 5081, 5082, 5084, 5086, 5088, 5091, 5093, 5115